6.49403532897917
0.9292844653946243
-0.17651861673338545
-0.22690543409854216
-0.11174560322097889
1.785893274527463
31.288773554404287
-0.5909900867469186
-6.677751139023018
2.892769626231444
0.00979898218366676
-0.5600083509921656
-9.368928791698954
12.107100496364614
0.44680767720287523
1.5528697325980194
0.0735510026412388
0.07133795246825994
0.011814952496312895
-1.379513246021911
-79.6493693526593
9.277876000643206
1.1034357290002281
-18.184604544671974
-0.5154174558463355
3.524539067027233
-1.5068213431948951
-4.627696315006144
0.7531284956171898
-1.861034425795555
-0.49739803294192647
-0.9736296424923204
0.03310746164479696
1.2167596261458367
-20.057987308486222
-4.882687578574919
0.0507867476188957
1.3142744077743684
2.3671899351407286
-0.8591673074775119
-0.5666106979774801
0.2976018977576945
-3.0379508787332985
0.6328838628740421
0.2970685896860387
1.2018271786605204
8.618068193095745
2.0943456281683237
1.7031261323253748
-5.346241041014113
0.9557774848525051
-0.3712173862621218
1.914539529737425
-0.3266479004653733
3.042807663913195
3.1344639533648717
0.2796775023884125
0.8126376227939764
-2.7056369522713144
0.6874230192512638
-17.093060857984426
-4.4630473999091835
-1.1022467416996506
-1.3191085233832587
0.6457867848090012
0.08937542562482952
0.2774904680624799
-0.5035337417708927
0.36948332099548853
15.010384528930008
-2.258846235783412
0.45525608411670554
-0.6634595079470114
-0.1010625182798424
-0.2659910584184682
-1.2354368400840519
-0.07590592656288557
0.9538741752667156
-25.45911871558097
-3.9984485623336976
-0.5444360917058333
14.528455223931049
1.1371839008026516
4.317936947398952
-10.500322837253343
1.607360982465263
26.515634986208656
0.24760193437752567
0.8395121327486457
-0.29022753395438966
0.9877570976649923
15.507332373965546
-0.7914693555050776
0.3558957137988146
-2.4124074484323
-0.11038813968841209
0.14188885267239815
-0.5721913006712754
0.12977656747215885
-4.912040946139055
