1.5117189952318602
0.6703507768576599
0.29384009278175377
0.28016234166212184
0.31234930461975957
0.9086005528432275
2.294164791971275
0.20031065236770526
0.024235812433869228
1.1224273269079352
0.34970237224635137
0.20587075435193702
0.017216489962287283
1.8203946656956347
0.5022230363905585
0.8515648594445511
0.370507311862687
0.3697727347138735
0.35034844522180403
0.11135691541838476
0.0020020926915461797
1.6881077915884795
0.725448827488751
0.008820723808214194
0.21425016021490656
1.2152102632819537
0.10320531963932401
0.03507287777709415
0.6111857469936718
0.0853635822991571
0.21776605490893444
0.14668430302799776
0.35722073607888866
0.7594020658085203
0.007991705559022603
0.033231421028866386
0.36299228357378
0.7874291548734307
1.0308831436398431
0.16014818804200373
0.20466815045129863
0.448333283378275
0.0533595928376746
0.5691017177502332
0.44814214812841957
0.7550137312195939
1.6515264644470318
0.9766813577119055
0.8889354653443773
0.030331086622132176
0.6789581303914032
0.24457826750796188
0.9379527174147938
0.2549985492186873
1.1459657361031204
1.1598531506332814
0.441919237101783
0.6315332923695818
0.05978058534155728
0.5883367178631055
0.009388070820213826
0.036372652961928674
0.1336330111432451
0.11563448641474948
0.5736723261592567
0.37578416413049653
0.4411381107644676
0.21656035787632882
0.47422355965002455
1.9274743720373708
0.0711632581991405
0.5052830769394386
0.18810421539660568
0.31549918418163103
0.2699972062531202
0.12205506695236579
0.3230217306742378
0.6783424153930301
0.006287548611034563
0.040609469314079584
0.20874578666758808
1.9112075093520087
0.7357170859455698
1.3124917758576566
0.01534463922248678
0.8653744568675484
2.21146912877267
0.43049932747609826
0.640605607315329
0.2638908413564117
0.6892414850954388
1.9437132473845542
0.16905693272438166
0.4693138031299484
0.06681383950112459
0.3127480539305966
0.39358075683890403
0.20365918538162545
0.38943922063698594
0.03303162160258656
