9.513662716817723464e-01
7.383379657990846168e-01
4.443852861068124938e-01
4.289763681039132637e-01
4.645772243189617567e-01
8.375201208812481646e-01
9.898301679563754618e-01
3.300962976316641484e-01
4.731562853264359436e-02
8.940570623437260611e-01
5.031190130768902202e-01
3.375044967578896271e-01
3.384691083038160464e-02
9.737683696574666037e-01
6.337525469413507473e-01
8.178873302505066389e-01
5.233699300752402417e-01
5.226691723250457278e-01
5.037606412043572623e-01
1.996561497435909160e-01
3.996179322283244240e-03
9.658234513864691895e-01
7.656401806146092559e-01
1.748674832173113813e-02
3.485146182011908955e-01
9.120001814610908530e-01
1.865010469377097468e-01
6.774207176827018451e-02
7.054691401127710648e-01
1.569484435935158961e-01
3.530796571887914181e-01
2.542527969068003602e-01
5.105345844722676274e-01
7.810264059647775703e-01
1.585635423736175831e-02
6.430231618911141922e-02
5.161520464355576765e-01
7.929631142882531680e-01
8.727709517343683610e-01
2.740661442454492835e-01
3.359091395915280165e-01
5.920728060721001107e-01
1.012219726989579405e-01
6.796058862426254121e-01
5.919168377306830431e-01
7.790960886841546973e-01
9.632292625785328077e-01
8.582035521220381380e-01
8.310024279429770733e-01
5.885887126850208872e-02
7.428038513261798759e-01
3.868566589211142048e-01
8.467838232411724064e-01
3.995026788096780468e-01
8.989289427326000448e-01
9.016975473291132248e-01
5.868061700492610555e-01
7.172144902383853493e-01
1.126902711833203119e-01
6.916973768602745487e-01
1.860096796817412024e-02
7.016237599589070228e-02
2.345305875456823452e-01
2.064739996053061022e-01
6.825213326382506551e-01
5.283736924477432373e-01
5.861601523932651325e-01
3.515177949376195876e-01
6.126579473317427249e-01
9.788253113894409552e-01
1.326619898370247075e-01
6.359871660559421880e-01
3.135407611134635175e-01
4.679396564584572538e-01
4.172484915146900120e-01
2.165986495381345689e-01
4.758846374470828700e-01
7.424869371849133204e-01
1.249636107081419922e-02
7.800819027643390857e-02
3.413029575561536966e-01
9.781250912615562232e-01
7.704040311331853408e-01
9.275590514462029867e-01
3.022314316109209198e-02
8.228483110552645696e-01
9.880010754920164340e-01
5.772602996493141347e-01
7.222992585292561385e-01
4.100878684282144304e-01
7.480395051406176776e-01
9.795019699949306657e-01
2.868859157799957815e-01
6.088357014103334963e-01
1.250842465245493029e-01
4.650040530243061410e-01
5.448651424279248312e-01
3.345676976161497951e-01
5.410795710118363466e-01
6.392833775261719254e-02
