-131.88127062083862 -25.431881888453056 56.948626421853746 -74.52548664879882 68.32144151759157 29.229331704915783 19.14788943748298 74.78631072915972 137.32294434846193 -41.97183919977874 28.185688316122288 -44.99836197105908 68.63884028806646 -8.76817899086477 80.1009708693421 -90.94575595378163 78.90333624601868 -66.81656644357588 1.6211706993888688 174.3476941735703 -34.03496587600051 -93.65019924265339 26.179199837361836 -84.3740670420673 43.96321267021698 28.049766848812983 0.6181779312121449 155.69786703096338 14.755004791107794 -91.23091607259798
142.15342616972742 -35.00906258912291 -6.6116271383852 7.89575698538874 -46.78995679782663 6.416305585302107 9.003854609925506 30.217895996543643 -59.1218233433449 15.065676937386856 39.62061051698042 -32.71257092802028 -47.18781079554598 -35.77779042061701 -59.84475417618626 13.173739743492334 89.81450835873879 24.5447627875815 -40.462853727593725 -31.176822758528207 -59.86165055801035 -83.37062765917761 59.51265565496811 46.73621063677433 -9.014861128073262 59.43276192492741 43.96866487835265 -32.74109169653267 -33.187423355610626 -34.49599085888401
65.0525220092746 26.514050241800767 53.19419946931716 5.615487427116215 -43.248104574565964 34.16703432595117 -78.15625723015768 -33.66628005434601 46.553425907843845 26.41460972342557 -23.2187506100881 32.71484236553022 37.03923789177325 -2.6301883783430706 118.32067827427026 -5.724013673219388 -42.292684010769584 95.64363686854236 -15.165091242194858 -40.05054839182703 34.11061470169767 -50.09077789668054 -30.815498329875247 -58.82398697876962 -28.217001428350095 -35.73782834731401 -29.722361294171602 33.967026857687856 -9.398464045137317 7.238850101022823
53.515343420622955 23.57126958918282 65.5070097411006 -45.41776972618083 74.48479283218025 -8.020376013857495 -28.910480177661 14.699838792762169 28.965450113359537 -28.753040913388546 71.58428005253926 -8.593992105039636 44.652684878940114 3.5476489374879385 -15.82613996506907 -2.6413852099816935 -73.38025290649576 7.173354256920382 -24.029814869604124 39.82526576386155 -52.620666801801704 -72.95913406666494 82.05378428791666 -15.600272011796708 -6.156966855882403 45.796249991272916 -111.00733491430897 -3.5812696897362075 6.224842609577351 34.87148557614201
-73.17021329784124 35.448418830514875 25.595124208958442 -49.63311726493775 50.72806008580724 -24.387378643769626 35.55557165907351 -41.114098639533736 -40.40857303369577 -26.145853737580943 -77.27341374865703 50.17036451390136 -61.61067211633433 25.740540205077018 13.718659464416112 -49.81508055760717 45.10175386006467 88.66191136678289 31.92878396405565 -15.122353384767987 33.373850507773504 88.92970218137077 49.171497224126526 -38.36052073235547 93.69684057911512 3.6617198432797258 54.00662587809173 27.808499876304186 -5.503729009210822 -16.432251884843062
18.026007226474707 30.194362244742386 6.897303336247184 -24.50311148242447 59.01568129671744 24.35594933759002 -70.65024117563759 -10.880344913889784 76.13330105480898 27.68730416584119 28.49996737623758 -5.435104011582893 -18.683428933550058 15.260653674405845 1.036746104364943 -34.93286718571665 39.90755547185985 -46.17960981377552 46.5844277676191 -12.409228116788428 -58.01560681117082 36.92923983886507 -75.13421442784731 -108.42486888808989 -35.64614006077948 78.7090224817774 -56.47273574157847 96.62542854159736 60.95259236915734 7.170475156163064
-52.04594670646924 15.17532016614682 18.210959121208848 5.543978147876444 47.8068958246628 -24.462799096238218 0.5484101610734183 16.345472583674166 8.599316809187092 -30.414905641075645 82.3623087527694 6.028340321086582 -41.29655204182702 11.926559127195079 96.19152706576968 82.27691927079493 -63.242429365010324 21.28387940576171 -18.099723510858375 80.3149619271237 66.74296906217307 -14.999549196842338 6.611796705479144 40.939615706585194 -104.31825654657104 70.09446280544184 -2.9360102259956036 66.22891427981442 -12.740379238325806 82.84089252844332
-6.715474752247053 79.14478587661851 -54.44868416590026 38.13627582862759 35.361071185630294 6.044595958716635 112.88935709190604 -32.29848434214784 72.94975577843296 -65.03918842723557 48.62664490447042 31.974864111368234 -45.38151491344994 35.5093060313816 -71.02919133379831 28.481427786832086 17.683299199588898 -12.234012336809279 -57.05461127370232 -11.936499918444413 -20.382336114992434 30.49844474775757 -3.0437865937626873 -115.4935791818878 22.823664495301642 46.63625829965386 28.139080525505307 -15.301381176281822 -32.37237222931056 23.202731343233
82.2934373865685 -4.8136523709692085 16.996330638774648 38.771154363682065 31.92729898835913 41.13230521863177 -101.82827114238096 -66.49953112918722 -107.96169955216627 -70.86365387259366 1.2928727799129993 28.826421727545487 4.176824126655491 32.22787177850204 -4.917468402503267 16.86176197891761 -7.188811126302052 22.79333547020008 -16.60669606554138 67.24988292599193 85.18975696268474 -19.538954712856036 20.16895787496515 -66.87502853023426 -22.895130459187122 -108.14446967179872 100.88369178315949 52.97412318953291 -85.24423855684218 -9.20616120804163
168.2644113414031 59.75526410972932 29.425521103200772 -33.25977302010381 -4.272085954765762 -16.111236665824833 -7.204903366792062 3.9516924458626512 56.21601903065521 8.195545018698423 4.182508515986003 11.303997871238453 -73.53582084859173 -39.35951818255103 -26.154081027289205 65.61970389267003 39.64555368095953 84.79600472392966 68.03896140439822 64.31592327088796 -6.226287200876212 -26.310168103382033 18.107275357104857 -12.485735689277961 -43.32897597687617 -0.8406635028192527 -10.602273878769005 -4.429511235396952 57.56129454472867 -14.077655145436665
46.369036827166305 109.47368921003387 50.82387016233968 -0.6061654507947203 39.53176854973737 2.657877648042241 -63.84550760814397 -27.533438879589127 51.390858756095604 -78.76786992913107 -44.03568064285071 -92.89013687373202 13.353578281965614 -33.34304306773602 -16.26370836389989 64.53341305065467 26.261279810601533 50.396476454696014 21.21446250738851 16.26828016685968 7.362056657089604 4.771352757687943 46.37568898932716 100.99719018797774 -56.54196672693749 26.04965166310176 -41.431300817196515 -43.36732876351403 -3.0839462285246744 3.4256070465498603
105.85033134521234 -16.776155956769855 46.51689851793175 11.676423780035023 -10.6719942830399 -41.22895932935157 48.71414844922828 86.86911102934813 -50.964546116556704 -103.64621730172921 -7.835196130087491 34.46366805318842 5.860405785552633 47.35715016435379 -7.0455517463782416 36.27998641308171 -16.263913365151506 -79.23955470085988 22.451044331679256 -23.687130275233194 36.105537496032774 19.863007365839128 13.58283275935166 48.28043808435217 -62.56913204761233 -69.17811959658394 -62.38130761487026 -16.63449862223664 -14.670660757586447 18.30342969030231
199.37091158598923 -33.87229619330324 -31.62067316299175 22.886830199791333 6.2717741930906135 -33.02707951716975 39.46110580982407 -1.8851366083903616 27.35500478972567 -81.45205720814192 8.834291030933072 -56.10049469904811 -22.059134031020925 57.26983984571116 45.49909838913791 22.894999902990712 12.937870386103025 26.090808871630767 -9.584790086984013 -34.71049253468131 -19.787396885973422 -64.908863098248 -13.168332266751968 -17.21854488089179 -24.824066602829642 111.59639590046564 82.01102803304929 16.825430611942377 -31.996140118834667 33.5141280655899
96.22768209262995 -29.933792779387698 -20.080732532589863 26.943051007417676 47.326742851120876 -12.848893689095563 9.558185478227632 -138.82870059059118 -129.40198045717375 -26.9643851997039 -25.132644762910036 15.353973631210026 90.45670790533848 -15.456115336030043 -98.5583399387182 18.30608925016357 39.5700918003883 -12.325113292553763 -8.795350720476723 97.28813051789213 33.283226782087944 7.16074199627915 -18.393608388841333 59.551191890319416 17.317518598507686 27.23078152496631 -77.74771415757616 44.77506091187985 -12.456566034277554 40.45673719142172
-38.49307969241157 -3.886440086386074 -63.981425457988294 37.551707599665164 -9.812276417364727 35.623864862209444 79.52180339817083 -2.2366333265551424 17.183718097795968 -11.911021600244377 70.76975573929396 47.47852626752116 12.908815910899877 8.974743039063684 -28.151511193443252 -31.03981588482682 54.31206309969414 -17.765516631475286 34.09089058745836 -8.861775324659241 -53.75070227550668 -43.48264284099681 -63.93608703362987 -42.106445637031875 25.948094232648472 41.41384675940087 32.038193248652846 -86.0454854160645 -26.328668010055917 66.61973813909238
28.38104250931293 -5.753335822091668 79.71081715164652 -95.88883594045974 48.338910526583554 63.423383743206486 12.994678024195343 -93.3975898948806 -37.197934533315866 23.778695894772273 -38.32919814582359 1.788214564632867 -1.2475155528131763 -122.49763251543862 41.27109897154438 41.52299334194509 39.839585448066195 -62.67153402761156 -100.20594516768499 -13.46064498716581 18.075708950208433 -35.94395274294986 -31.76183648705448 -14.45675249725505 -41.904999551613535 -89.21651774960199 -24.225062885395637 21.560148754415085 65.26359167058048 77.27777333083024
-26.813500861498348 43.00985036189574 57.09837123369751 -0.7163610548203151 42.024352271960815 40.08532623304444 -44.550675795649724 36.41897449790368 -51.21234059125775 -59.937011864816824 25.878154360014417 45.59770151657657 -1.7233708315041412 -10.964415633238039 49.213179930478184 -12.74405911698701 -14.784726351118486 -47.75341259197882 -54.06292220451325 24.519144436611665 -13.575632040091087 33.57682612319846 64.39426090365801 -36.63459332357176 -44.25257217063303 65.7257172415968 -51.04503503804113 -20.720246687842792 -8.18620122618933 -15.801988614994281
34.54140354638362 -19.80753319352947 -80.66692616909945 2.7727303640261582 -11.242508696025107 85.76859419040352 11.797151426563094 -13.5570768931452 -18.441323662154005 -36.426902366676785 59.23499941073166 -59.36662337881563 -14.426061817168426 14.087095348928662 77.63612028340818 -0.6907219176532865 70.93674875472054 77.58364453796388 35.435716354338936 91.60547940391437 98.8269793883704 40.465244962184286 14.230667917323856 -44.79398571149213 107.87623314700494 18.76407513940433 51.598469557955035 13.54638047386878 -63.68382005057008 69.97467144973722
-28.83090981047479 -82.92312679831443 25.171061409821473 -80.99808608677884 -48.13581910917397 8.608651264144871 -56.489373987341246 112.93717750106845 16.229844146371352 -110.34921479115721 -2.2281288125266405 27.838527329270455 -34.53177172894131 27.435050704734778 14.03811443535184 11.043810624922251 -5.553034142612361 10.926924457241363 -63.8637687445298 8.970049351336232 2.2048675897060037 12.341999497325244 93.53218825346073 -40.73449349004019 115.83043902963745 123.33697239445439 -25.10188599488218 -19.92647633345732 -41.863231458029084 -37.87006383931596
-99.13684859164752 8.774070895228371 -41.16687448751649 18.264363445389233 53.76127855989081 2.66079449206817 -41.42795976018654 -58.932889309599105 -23.895886295772048 5.133459053438958 -11.525308810335137 6.907790355281857 -1.3200987172109173 19.891448154933293 -15.832195401724968 101.54217583741483 33.70169514830287 18.2268452503687 -24.01398842203448 -69.43963908974642 18.15354531616632 -76.75414165361792 -16.412922514143812 -89.11059164650898 -29.508137549496087 29.248551893976405 -10.585931822325358 -48.10688321978766 49.709429173815984 110.64274696458807
